
************
-sigma           = 1
-PSNR_basic      = 43.4901
-RMSE_basic      = 1.70622
-PSNR            = 49.1331
-RMSE            = 0.891017

-PSNR_basic_bias = 44.3843
-RMSE_basic_bias = 1.5393
-PSNR_bias       = 53.5275
-RMSE_bias       = 0.537236
