
************
-sigma           = 30
-PSNR_basic      = 31.175
-RMSE_basic      = 7.0435
-PSNR            = 31.8351
-RMSE            = 6.5281

-PSNR_basic_bias = 33.6314
-RMSE_basic_bias = 5.30851
-PSNR_bias       = 33.9905
-RMSE_bias       = 5.09346
