
************
-sigma           = 5
-PSNR_basic      = 39.5102
-RMSE_basic      = 2.69793
-PSNR            = 39.7133
-RMSE            = 2.63558

-PSNR_basic_bias = 39.9155
-RMSE_basic_bias = 2.57494
-PSNR_bias       = 40.6273
-RMSE_bias       = 2.37233
