
************
-sigma           = 30
-PSNR_basic      = 31.2809
-RMSE_basic      = 6.95819
-PSNR            = 32.0156
-RMSE            = 6.39378

-PSNR_basic_bias = 33.992
-RMSE_basic_bias = 5.09261
-PSNR_bias       = 34.2561
-RMSE_bias       = 4.9401
