
************
-sigma           = 30
-PSNR_basic      = 31.2961
-RMSE_basic      = 6.94601
-PSNR            = 31.9168
-RMSE            = 6.46694

-PSNR_basic_bias = 33.6314
-RMSE_basic_bias = 5.30851
-PSNR_bias       = 33.9905
-RMSE_bias       = 5.09346
